16N-SEQUENCER

IN
F8R 1-8, 9-16: SEQUENCES

OUT
TR 1, 2: TRIGGERS
CV 1, 2: V/OCT
JF: MELODY

NOTES
X: SEQUENCE 1 LENGTH
Y: SEQUENCE 2 LENGTH
A: ATTACK
D: DECAY
M: TEMPO
PARAM: CONTROLS DECAY

SCENE NOTES



#1
J FADER O
IF == J 0: BREAK
CV $ N J
D / M PRM
CROW.AR $ A D V 5
JF.NOTE N J V 5; TR.P $

#2
T WRP + T 1 1 Y; K FADER + T 8
IF == K 0: BREAK
CV $ N K
D / M PRM
CROW.AR $ A D V 5
JF.NOTE N K V 5; TR.P $

#3

#4

#5

#6

#7

#8

#M
L 1 8: $ I

#I
JF.MODE 1; SYNC 0
L 1 16: FADER.SCALE I 0 16
X 5; O.MIN 1; O.MAX X
Y 4; T 0
PARAM.SCALE 10 1
A 5; D 0

#P
16	9	8	8
1	1	1	1
0	0	0	0
7	7	7	7

0	0	0	0
0	0	0	0
0	0	0	0
0	0	0	0
0	0	0	0
0	0	0	0
0	0	0	0
0	0	0	0
0	0	0	0
0	0	0	0
0	0	0	0
0	0	0	0
0	0	0	0
0	0	0	0
0	0	0	0
0	0	0	0
0	0	0	0
0	0	0	0
0	0	0	0
0	0	0	0
0	0	0	0
0	0	0	0
0	0	0	0
0	0	0	0
0	0	0	0
0	0	0	0
0	0	0	0
0	0	0	0
0	0	0	0
0	0	0	0
0	0	0	0
0	0	0	0
0	0	0	0
0	0	0	0
0	0	0	0
0	0	0	0
0	0	0	0
0	0	0	0
0	0	0	0
0	0	0	0
0	0	0	0
0	0	0	0
0	0	0	0
0	0	0	0
0	0	0	0
0	0	0	0
0	0	0	0
0	0	0	0
0	0	0	0
0	0	0	0
0	0	0	0
0	0	0	0
0	0	0	0
0	0	0	0
0	0	0	0
0	0	0	0
0	0	0	0
0	0	0	0
0	0	0	0
0	0	0	0
0	0	0	0
0	0	0	0
0	0	0	0
0	0	0	0

#G
1000000000000000
1001000000000000
1101001111111111
1000000000000000
0000000000000000
0000000000000000
0000000000000000
0000000000000000
0000000000000000
0000000000000000
0000000000000000
0000000000000000
0000000000000000
0000000000000000
0000000000000000
0000000000000000

3	5	3	2	2	5	1	0	5	3	3	3	1	1	1	1
0	2	0	2	5	0	1	2	3	0	1	0	2	0	3	0
0	1	2	3	4	1	6	0	0	0	0	0	0	0	0	0
1	1	1	1	1	1	1	1	4	4	4	4	4	4	4	4
