GENERATIVE 2TRACK
1-4: CLOCKS
CV1: MELODY
CV2: MELODY (RELATED)



#1
P.N 0
PROB 50: J RRAND 1 3
PROB 20: J RRAND 3 5
PROB 10: J RRAND 5 7
PROB 20: P.NEXT N.S X Y J
PROB 100: CV 1 P.NEXT; TR.P A

#2
P.N 1
PROB 50: K RRAND 5 7
PROB 20: K RRAND 3 5
PROB 20: P.NEXT N.S X Y K
PROB 50: CV 2 P.NEXT; TR.P B

#3

#4

#5

#6

#7

#8

#M
Y PARAM
TR.TOG A

#I
PARAM.SCALE 0 8
Y PARAM
X 0
EX.PARAM 7 41

#P
7	7	0	0
1	1	1	1
0	0	0	0
63	63	63	63

410	956	0	0
273	1502	0	0
273	1502	0	0
273	956	0	0
1502	1502	0	0
273	1502	0	0
683	410	0	0
0	0	0	0
0	0	0	0
0	0	0	0
0	0	0	0
0	0	0	0
0	0	0	0
0	0	0	0
0	0	0	0
0	0	0	0
0	0	0	0
0	0	0	0
0	0	0	0
0	0	0	0
0	0	0	0
0	0	0	0
0	0	0	0
0	0	0	0
0	0	0	0
0	0	0	0
0	0	0	0
0	0	0	0
0	0	0	0
0	0	0	0
0	0	0	0
0	0	0	0
0	0	0	0
0	0	0	0
0	0	0	0
0	0	0	0
0	0	0	0
0	0	0	0
0	0	0	0
0	0	0	0
0	0	0	0
0	0	0	0
0	0	0	0
0	0	0	0
0	0	0	0
0	0	0	0
0	0	0	0
0	0	0	0
0	0	0	0
0	0	0	0
0	0	0	0
0	0	0	0
0	0	0	0
0	0	0	0
0	0	0	0
0	0	0	0
0	0	0	0
0	0	0	0
0	0	0	0
0	0	0	0
0	0	0	0
0	0	0	0
0	0	0	0
0	0	0	0

#G
0000000000000000
0000000000000000
0000000000000000
0000000000000000
0000000000000000
0000000000000000
0000000000000000
0000000000000000
0000000000000000
0000000000000000
0000000000000000
0000000000000000
0000000000000000
0000000000000000
0000000000000000
0000000000000000

0	0	0	0	0	0	0	0	0	0	0	0	0	0	0	0
0	0	0	0	0	0	0	0	0	0	0	0	0	0	0	0
0	0	0	0	0	0	0	0	0	0	0	0	0	0	0	0
0	0	0	0	0	0	0	0	0	0	0	0	0	0	0	0
