RANDOM CV - W/ ANSIBLE EXT

IN
1: CLOCK FOR 1-4
2: CLOCK FOR 5-8 (ANSIBLE)
PARAM: MAX VOLTAGE

OUT:
TR 1-4: EVEN, ODD, DIV3, DIV4
TR 5-8: 75%, 50%, 25%, 10%
CV 1-4: RAND VOLT 0.0-PARAM V
CV 5-8: RAND VOLT 0.0-5.0V

OUTPUT VOLTAGES ARE QUANTIZED



#1
L A D: CV I VV RRAND X PARAM
EV 2: TR.P 1
OTHER: TR.P 2
EV 3: TR.P 3
EV 4: TR.P 4

#2

#3

#4

#5
L 5 8: CV I VV RRAND X Y
PROB 75: TR.TOG 5
PROB 50: TR.TOG 6
PROB 25: TR.TOG 7
PROB 10: TR.TOG 8

#6

#7

#8

#M

#I
X 0
Y 500
L 1 8: TO.CV.SCALE 0 I
PARAM.SCALE X Y

#P
0	0	0	0
1	1	1	1
0	0	0	0
63	63	63	63

0	0	0	0
0	0	0	0
0	0	0	0
0	0	0	0
0	0	0	0
0	0	0	0
0	0	0	0
0	0	0	0
0	0	0	0
0	0	0	0
0	0	0	0
0	0	0	0
0	0	0	0
0	0	0	0
0	0	0	0
0	0	0	0
0	0	0	0
0	0	0	0
0	0	0	0
0	0	0	0
0	0	0	0
0	0	0	0
0	0	0	0
0	0	0	0
0	0	0	0
0	0	0	0
0	0	0	0
0	0	0	0
0	0	0	0
0	0	0	0
0	0	0	0
0	0	0	0
0	0	0	0
0	0	0	0
0	0	0	0
0	0	0	0
0	0	0	0
0	0	0	0
0	0	0	0
0	0	0	0
0	0	0	0
0	0	0	0
0	0	0	0
0	0	0	0
0	0	0	0
0	0	0	0
0	0	0	0
0	0	0	0
0	0	0	0
0	0	0	0
0	0	0	0
0	0	0	0
0	0	0	0
0	0	0	0
0	0	0	0
0	0	0	0
0	0	0	0
0	0	0	0
0	0	0	0
0	0	0	0
0	0	0	0
0	0	0	0
0	0	0	0
0	0	0	0

#G
0000000000000000
0000000000000000
0000000000000000
0000000000000000
0000000000000000
0000000000000000
0000000000000000
0000000000000000
0000000000000000
0000000000000000
0000000000000000
0000000000000000
0000000000000000
0000000000000000
0000000000000000
0000000000000000

0	0	0	0	0	0	0	0	0	0	0	0	0	0	0	0
0	0	0	0	0	0	0	0	0	0	0	0	0	0	0	0
0	0	0	0	0	0	0	0	0	0	0	0	0	0	0	0
0	0	0	0	0	0	0	0	0	0	0	0	0	0	0	0
